subdir	total
noarch	43
