version	total
2.4	2927
2.5.0	302
