version	total
2.0.3	2900
